date: 2019-03-19 06:48:00.216088, runtime: 79.90215611457825
date: 2019-03-19 07:06:33.259477, runtime: 11.154846429824829
